32
60
-0.75 0 0 0 1 1
0.75 0 0 0 1 1
-0.75 20 50 -50 0 0
0.75 20 50 -50 0 0
0 19 0 0 0 0
-0.75 18 0 0 0 0
0.75 18 0 0 0 0
0 17 0 0 0 0
-0.75 16 0 0 0 0
0.75 16 0 0 0 0
0 15 0 0 0 0
-0.75 14 0 0 0 0
0.75 14 0 0 0 0
0 13 0 0 0 0
-0.75 12 0 0 0 0
0.75 12 0 0 0 0
0 11 0 0 0 0
-0.75 10 0 0 0 0
0.75 10 0 0 0 0
0 9 0 0 0 0
-0.75 8 0 0 0 0
0.75 8 0 0 0 0
0 7 0 0 0 0
-0.75 6 0 0 0 0
0.75 6 0 0 0 0
0 5 0 0 0 0
-0.75 4 0 0 0 0
0.75 4 0 0 0 0
0 3 0 0 0 0
-0.75 2 0 0 0 0
0.75 2 0 0 0 0
0 1 0 0 0 0
4 2
4 3
4 5
4 6
2 5
3 6
7 5
7 6
7 8
7 9
5 8
6 9
10 8
10 9
10 11
10 12
8 11
9 12
13 11
13 12
13 14
13 15
11 14
12 15
16 14
16 15
16 17
16 18
14 17
15 18
19 17
19 18
19 20
19 21
17 20
18 21
22 20
22 21
22 23
22 24
20 23
21 24
25 23
25 24
25 26
25 27
23 26
24 27
28 26
28 27
28 29
28 30
26 29
27 30
31 29
31 30
31 0
31 1
29 0
30 1
