32
60
-0.75 0 0 -0.695524 1 1
0.75 0 0 -1.10586 1 1
-0.75 20 50 -50.0875 0 0
0.75 20 50 -50.1617 0 0
0 19.1995 0 -0.178885 0 0
-1.12379 18 0 -0.19025 0 0
1.12379 18 0 -0.475093 0 0
0 17.1138 0 -0.178885 0 0
-1.41252 16 0 -0.310697 0 0
1.41252 16 0 -0.740297 0 0
0 15.0677 0 -0.178885 0 0
-1.61772 14 0 -0.445565 0 0
1.61772 14 0 -0.97199 0 0
0 13.0365 0 -0.178885 0 0
-1.74043 12 0 -0.591008 0 0
1.74043 12 0 -1.11111 0 0
0 11.0116 0 -0.178885 0 0
-1.78126 10 0 -0.780263 0 0
1.78126 10 0 -1.29707 0 0
0 8.98841 0 -0.178885 0 0
-1.74043 8 0 -0.97199 0 0
1.74043 8 0 -1.55362 0 0
0 6.96346 0 -0.178885 0 0
-1.61772 6 0 -1.06675 0 0
1.61772 6 0 -1.80578 0 0
0 4.93228 0 -0.178885 0 0
-1.41252 4 0 -1.171 0 0
1.41252 4 0 -1.9309 0 0
0 2.88616 0 -0.178885 0 0
-1.12379 2 0 -1.34487 0 0
1.12379 2 0 -2.05354 0 0
0 0.800517 0 -0.178885 0 0
4 2 -72.3833 5.52 0.959007 4.76
4 3 49.5371 2.14 0.959007 3.18
4 5 49.4145 2.14 2.25021 3.18
4 6 -72.5059 8.55 2.25021 6.35
2 5 2.78217 1.82 2.24047 3.18
3 6 -87.8063 8.55 2.24047 6.35
7 5 -32.84 4.57 1.94342 3.18
7 6 52.0632 2.14 1.94342 3.18
7 8 51.9188 2.46 2.77001 3.18
7 9 -32.9845 5.52 2.77001 4.76
5 8 59.5506 2.46 2.13547 3.18
6 9 -173.718 14.47 2.13547 7.94
10 8 -44.8466 7.28 2.66707 4.76
10 9 34.6871 2.46 2.66707 3.18
10 11 34.5247 4.57 3.21694 4.76
10 12 -45.009 8.55 3.21694 6.35
8 11 116.087 4.57 2.06577 3.18
9 12 -213.321 15.34 2.06577 7.94
13 11 -36.4247 7.28 3.17171 4.76
13 12 50.2347 4.57 3.17171 4.76
13 14 50.0599 4.57 3.49024 4.76
13 15 -36.5995 8.55 3.49024 4.76
11 14 152.978 6.01 2.02295 3.18
12 15 -264.173 18.27 2.02295 6.35
16 14 -55.4198 9.81 3.47194 6.35
16 15 47.5579 4.57 3.47194 4.76
16 17 47.3768 4.57 3.57649 4.76
16 18 -55.601 9.81 3.57649 6.35
14 17 205.126 8.55 2.00251 4.76
15 18 -307.066 21.18 2.00251 9.52
19 17 -58.213 9.81 3.57649 6.35
19 18 71.5215 4.57 3.57649 4.76
19 20 71.3403 4.57 3.47194 4.76
19 21 -58.3941 9.81 3.47194 6.35
17 20 256.5 9.81 2.00251 6.35
18 21 -371.153 29.12 2.00251 7.94
22 20 -90.1623 12.34 3.49024 6.35
22 21 81.9446 4.57 3.49024 4.76
22 23 81.7698 4.57 3.17171 4.76
22 24 -90.3371 12.17 3.17171 7.94
20 23 337.473 12.34 2.02295 6.35
21 24 -444.23 29.12 2.02295 9.52
25 23 -113.524 12.34 3.21694 6.35
25 24 129.59 5.52 3.21694 4.76
25 26 129.427 5.52 2.66707 4.76
25 27 -113.686 12.17 2.66707 7.94
23 26 442.459 16.75 2.06577 6.35
24 27 -565.766 36.02 2.06577 9.52
28 26 -196.205 18.27 2.77001 9.52
28 27 183.532 7.28 2.77001 6.35
28 29 183.388 7.28 1.94342 6.35
28 30 -196.349 14.47 1.94342 9.52
26 29 638.311 24.06 2.13547 9.52
27 30 -748.691 43.99 2.13547 19.05
31 29 -350.51 24.06 2.25021 12.7
31 30 381.495 14.47 2.25021 12.7
31 0 381.373 14.47 0.959008 12.7
31 1 -350.633 21.18 0.959008 19.05
29 0 1017.07 39.25 2.24047 15.88
30 1 -1162.83 67.04 2.24047 22.23
22231.9
110.52m
1243.08kg
0.168274m
49m